884 1616
63 63 150 20 184 24 192 28 207 37 216 43 440 59 459 61 465 62 471 64 473 65 475 66 481 67 483 68 485 69 489 70 491 71 495 72 496 73 498 74 499 75 518 79 521 80 524 81 525 82 528 83 532 84 539 85 544 86 546 87 553 88 554 89 555 90 556 91 557 92 559 93 563 95 565 96 572 102 585 105 597 108 599 109 614 118 637 127 640 130 673 158 681 161 688 162 713 172 753 196 782 213 807 233 836 254 971 452 979 463 1076 518 1086 519 1093 520 1104 525 1112 528 1144 553 1322 638 1341 642 1355 643 1 0.00113122171945701
37 37 6 2 552 88 560 93 566 98 568 99 569 100 570 101 571 102 573 103 575 104 584 105 590 106 591 107 596 108 601 109 605 110 606 111 607 112 608 113 609 114 610 115 611 116 612 117 613 118 624 119 626 120 628 121 631 122 632 123 633 124 634 125 635 126 636 127 638 128 644 131 752 196 1075 518 1 0.00113122171945701
10 2 652 144 653 145 0 132 1 133 2 134 3 135 4 136 5 137 6 1 7 142 0.125 0.00113122171945701
5 4 655 149 657 150 659 151 665 153 8 146 1 0.00113122171945701
9 4 676 159 682 161 695 162 1079 518 9 154 10 155 11 156 12 157 13 158 0.2 0.00113122171945701
7 7 698 164 699 165 700 166 701 167 703 169 705 170 1128 546 1 0.00113122171945701
2 2 513 78 711 172 1 0.00113122171945701
2 1 722 176 14 173 1 0.00113122171945701
7 2 751 195 754 196 15 178 16 190 17 191 18 192 19 193 0.2 0.00113122171945701
3 2 756 199 762 201 20 197 1 0.00113122171945701
24 5 820 247 823 249 825 250 826 252 835 254 21 203 22 205 23 208 24 209 25 212 26 215 27 223 28 224 29 232 30 233 31 236 32 237 33 238 34 239 35 240 36 242 37 243 38 245 39 246 0.0526315789473684 0.00113122171945701
31 9 844 278 846 279 847 280 849 281 851 282 853 283 858 284 859 285 861 286 40 255 41 256 42 257 43 258 44 259 45 260 46 261 47 262 48 263 49 264 50 265 51 266 52 267 53 268 54 269 55 270 56 271 57 272 58 273 59 274 60 275 61 276 0.0454545454545455 0.00113122171945701
21 6 177 23 879 297 882 303 883 304 887 307 1078 518 62 287 63 288 64 289 65 290 66 291 67 292 68 293 69 294 70 295 71 296 72 297 73 298 74 299 75 300 76 301 0.0666666666666667 0.00113122171945701
4 0 77 308 78 309 79 310 80 311 0.25 0.00113122171945701
4 0 81 313 82 314 83 315 84 316 0.25 0.00113122171945701
3 2 892 319 893 320 85 318 1 0.00113122171945701
48 0 86 321 87 322 88 323 89 324 90 325 91 326 92 327 93 328 94 329 95 330 96 331 97 332 98 333 99 334 100 335 101 336 102 337 103 338 104 339 105 340 106 341 107 342 108 343 109 344 110 345 111 346 112 347 113 348 114 349 115 350 116 351 117 352 118 353 119 354 120 147 121 355 122 356 123 357 124 178 125 358 126 359 127 360 128 361 129 362 130 363 131 364 132 311 133 365 0.0208333333333333 0.00113122171945701
11 5 904 376 905 377 907 378 908 379 914 380 134 367 135 368 136 369 137 370 138 371 139 375 0.166666666666667 0.00113122171945701
12 9 672 158 696 163 878 297 886 306 916 382 922 383 924 386 926 387 1077 518 140 382 141 383 142 385 0.333333333333333 0.00113122171945701
1 0 143 388 1 0.00113122171945701
28 0 144 391 145 392 146 393 147 394 148 395 149 396 150 0 151 397 152 398 153 399 154 400 155 401 156 402 157 403 158 404 159 405 160 406 161 407 162 408 163 409 164 410 165 411 166 412 167 413 168 414 169 415 170 416 171 417 0.0357142857142857 0.00113122171945701
2 2 959 418 960 419 1 0.00113122171945701
5 0 172 420 173 421 174 422 175 423 176 424 0.2 0.00113122171945701
3 0 177 12 178 287 179 288 0.333333333333333 0.00113122171945701
6 0 180 425 181 426 182 427 183 415 184 0 185 428 0.166666666666667 0.00113122171945701
2 0 186 430 187 431 0.5 0.00113122171945701
1 0 188 432 1 0.00113122171945701
3 0 189 434 190 435 191 437 0.333333333333333 0.00113122171945701
1 0 192 0 1 0.00113122171945701
1 1 968 440 1 0.00113122171945701
1 1 500 75 1 0.00113122171945701
1 0 193 441 1 0.00113122171945701
2 0 194 339 195 340 0.5 0.00113122171945701
1 0 196 365 1 0.00113122171945701
1 0 197 442 1 0.00113122171945701
5 0 198 443 199 444 200 445 201 446 202 447 0.2 0.00113122171945701
4 0 203 448 204 449 205 450 206 451 0.25 0.00113122171945701
2 0 207 0 208 452 0.5 0.00113122171945701
2 0 209 453 210 454 0.5 0.00113122171945701
1 0 211 455 1 0.00113122171945701
1 0 212 456 1 0.00113122171945701
1 0 213 290 1 0.00113122171945701
1 0 214 441 1 0.00113122171945701
6 2 976 462 978 463 215 459 216 0 217 460 218 461 0.25 0.00113122171945701
55 39 726 176 980 464 984 473 985 474 989 480 991 481 992 482 993 483 994 484 995 485 997 486 999 487 1004 488 1006 489 1007 490 1008 491 1010 492 1013 493 1016 494 1017 495 1020 496 1022 497 1023 498 1025 499 1026 500 1028 501 1032 502 1037 503 1039 504 1041 505 1044 506 1046 507 1047 508 1051 509 1058 510 1059 511 1060 512 1063 513 1065 514 219 464 220 465 221 466 222 467 223 468 224 469 225 470 226 471 227 472 228 174 229 473 230 474 231 475 232 476 233 477 234 478 0.0625 0.00113122171945701
1 1 1068 515 1 0.00113122171945701
1 0 235 54 1 0.00113122171945701
1 0 236 518 1 0.00113122171945701
14 13 492 71 625 119 641 130 1085 519 1090 520 1097 521 1098 522 1100 523 1101 524 1103 525 1105 526 1108 527 1111 528 237 132 1 0.00113122171945701
36 25 514 78 1130 547 1131 548 1133 550 1134 551 1138 552 1141 553 1151 554 1155 555 1160 556 1161 557 1162 558 1164 559 1165 560 1172 561 1174 562 1177 563 1179 564 1180 565 1182 566 1187 568 1191 570 1196 571 1197 572 1198 573 238 530 239 531 240 532 241 533 242 534 243 535 244 537 245 538 246 539 247 540 248 544 0.0909090909090909 0.00113122171945701
51 21 706 172 1219 607 1220 608 1221 609 1222 610 1223 611 1225 612 1226 613 1227 614 1229 615 1230 616 1233 617 1235 618 1237 619 1239 620 1240 621 1241 622 1247 623 1249 624 1252 625 1258 626 249 575 250 576 251 577 252 578 253 579 254 580 255 581 256 582 257 583 258 584 259 585 260 586 261 587 262 588 263 589 264 590 265 591 266 592 267 594 268 596 269 597 270 598 271 599 272 600 273 601 274 602 275 603 276 604 277 605 278 606 0.0333333333333333 0.00113122171945701
17 17 1261 628 1265 629 1266 630 1274 631 1277 632 1293 633 1301 634 1303 635 1307 636 1312 637 1314 638 1326 639 1329 640 1332 641 1334 642 1347 643 1360 644 1 0.00113122171945701
3 1 1364 646 279 645 280 646 0.5 0.00113122171945701
19 4 1444 678 1447 679 1450 680 1453 681 281 647 282 648 283 654 284 655 285 658 286 659 287 660 288 661 289 662 290 663 291 664 292 665 293 672 294 673 295 674 0.0666666666666667 0.00113122171945701
3 1 235 46 296 682 297 683 0.5 0.00113122171945701
29 9 1461 689 1465 693 1469 696 1478 704 1480 707 1481 708 1485 711 1489 713 1490 714 298 684 299 685 300 689 301 690 302 692 303 693 304 694 305 695 306 696 307 697 308 698 309 699 310 700 311 701 312 702 313 703 314 704 315 705 316 706 317 707 0.05 0.00113122171945701
116 0 318 715 319 716 320 717 321 718 322 719 323 720 324 721 325 722 326 723 327 724 328 725 329 726 330 727 331 728 332 729 333 730 334 731 335 732 336 733 337 734 338 735 339 736 340 737 341 738 342 739 343 740 344 741 345 742 346 743 347 744 348 745 349 746 350 747 351 748 352 749 353 750 354 751 355 752 356 753 357 754 358 755 359 756 360 757 361 758 362 759 363 760 364 761 365 762 366 763 367 764 368 765 369 766 370 767 371 768 372 769 373 770 374 771 375 772 376 773 377 774 378 775 379 776 380 777 381 778 382 779 383 780 384 781 385 782 386 783 387 784 388 785 389 786 390 787 391 788 392 789 393 790 394 791 395 792 396 793 397 794 398 795 399 796 400 797 401 798 402 799 403 800 404 801 405 802 406 803 407 804 408 805 409 806 410 807 411 808 412 809 413 810 414 811 415 812 416 813 417 814 418 815 419 816 420 817 421 818 422 819 423 820 424 821 425 822 426 823 427 824 428 825 429 826 430 827 431 828 432 829 433 830 0.00862068965517241 0.00113122171945701
3 2 1575 837 1576 838 434 837 1 0.00113122171945701
2 2 1578 840 1579 841 1 0.00113122171945701
11 2 1590 855 1594 856 435 845 436 846 437 847 438 849 439 850 440 0 441 851 442 852 443 853 0.111111111111111 0.00113122171945701
27 12 1597 872 1599 873 1600 874 1601 875 1602 876 1604 877 1606 878 1607 879 1608 880 1611 881 1613 882 1614 883 444 857 445 858 446 859 447 860 448 861 449 862 450 863 451 864 452 865 453 866 454 867 455 868 456 869 457 870 458 871 0.0666666666666667 0.00113122171945701
6 0 459 0 460 311 461 312 462 326 463 452 464 364 0.166666666666667 0.00113122171945701
4 0 465 0 466 849 467 358 468 147 0.25 0.00113122171945701
2 0 469 313 470 314 0.5 0.00113122171945701
1 0 471 0 1 0.00113122171945701
3 0 472 173 473 0 474 672 0.333333333333333 0.00113122171945701
6 0 475 0 476 314 477 849 478 432 479 313 480 427 0.166666666666667 0.00113122171945701
2 0 481 0 482 849 0.5 0.00113122171945701
1 0 483 0 1 0.00113122171945701
4 0 484 726 485 0 486 852 487 718 0.25 0.00113122171945701
3 0 488 173 489 0 490 415 0.333333333333333 0.00113122171945701
2 0 491 0 492 48 0.5 0.00113122171945701
4 1 587 105 493 215 494 415 495 0 0.333333333333333 0.00113122171945701
2 0 496 0 497 147 0.5 0.00113122171945701
1 0 498 0 1 0.00113122171945701
5 0 499 0 500 30 501 275 502 255 503 276 0.2 0.00113122171945701
4 0 504 851 505 448 506 450 507 373 0.25 0.00113122171945701
5 0 508 361 509 450 510 716 511 415 512 396 0.2 0.00113122171945701
5 0 513 6 514 49 515 862 516 396 517 173 0.2 0.00113122171945701
2 0 518 0 519 173 0.5 0.00113122171945701
4 0 520 314 521 0 522 432 523 672 0.25 0.00113122171945701
1 0 524 0 1 0.00113122171945701
3 0 525 0 526 190 527 97 0.333333333333333 0.00113122171945701
4 0 528 0 529 415 530 850 531 147 0.25 0.00113122171945701
2 0 532 0 533 396 0.5 0.00113122171945701
7 0 534 97 535 313 536 452 537 147 538 314 539 0 540 450 0.142857142857143 0.00113122171945701
5 0 541 583 542 215 543 97 544 0 545 450 0.2 0.00113122171945701
5 0 546 0 547 147 548 314 549 849 550 313 0.2 0.00113122171945701
3 0 551 849 552 1 553 0 0.333333333333333 0.00113122171945701
1 0 554 0 1 0.00113122171945701
1 0 555 0 1 0.00113122171945701
1 0 556 0 1 0.00113122171945701
2 0 557 0 558 215 0.5 0.00113122171945701
2 0 559 0 560 1 0.5 0.00113122171945701
2 0 561 306 562 305 0.5 0.00113122171945701
1 0 563 0 1 0.00113122171945701
2 0 564 396 565 0 0.5 0.00113122171945701
17 17 527 82 534 85 543 86 627 121 666 153 773 205 854 284 876 297 910 379 1081 519 1092 520 1107 526 1169 560 1243 622 1254 625 1340 642 1354 643 1 0.00113122171945701
2 0 566 1 567 432 0.5 0.00113122171945701
1 0 568 1 1 0.00113122171945701
1 0 569 1 1 0.00113122171945701
1 0 570 1 1 0.00113122171945701
2 0 571 1 572 0 0.5 0.00113122171945701
1 0 573 1 1 0.00113122171945701
4 0 574 314 575 1 576 332 577 333 0.25 0.00113122171945701
14 2 594 108 758 199 578 355 579 147 580 314 581 849 582 313 583 850 584 1 585 0 586 396 587 72 588 643 589 215 0.0833333333333333 0.00113122171945701
1 0 590 1 1 0.00113122171945701
1 0 591 1 1 0.00113122171945701
8 1 757 199 592 457 593 516 594 105 595 533 596 1 597 0 598 215 0.142857142857143 0.00113122171945701
6 0 599 0 600 450 601 1 602 415 603 844 604 314 0.166666666666667 0.00113122171945701
1 0 605 1 1 0.00113122171945701
1 0 606 1 1 0.00113122171945701
1 0 607 1 1 0.00113122171945701
1 0 608 1 1 0.00113122171945701
1 0 609 1 1 0.00113122171945701
1 0 610 1 1 0.00113122171945701
1 0 611 1 1 0.00113122171945701
1 0 612 1 1 0.00113122171945701
11 0 613 1 614 0 615 313 616 314 617 450 618 452 619 353 620 330 621 147 622 177 623 335 0.0909090909090909 0.00113122171945701
2 0 624 1 625 48 0.5 0.00113122171945701
1 0 626 1 1 0.00113122171945701
4 0 627 97 628 1 629 313 630 314 0.25 0.00113122171945701
1 0 631 1 1 0.00113122171945701
1 0 632 1 1 0.00113122171945701
1 0 633 1 1 0.00113122171945701
1 0 634 1 1 0.00113122171945701
1 0 635 1 1 0.00113122171945701
2 0 636 1 637 0 0.5 0.00113122171945701
1 0 638 1 1 0.00113122171945701
1 0 639 132 1 0.00113122171945701
6 2 691 162 949 396 640 0 641 48 642 317 643 190 0.25 0.00113122171945701
1 0 644 1 1 0.00113122171945701
4 4 0 2 237 48 639 129 1109 527 1 0.00113122171945701
2 2 1 2 645 138 1 0.00113122171945701
1 1 2 2 1 0.00113122171945701
1 1 3 2 1 0.00113122171945701
1 1 4 2 1 0.00113122171945701
1 1 5 2 1 0.00113122171945701
1 0 645 133 1 0.00113122171945701
2 0 646 141 647 142 0.5 0.00113122171945701
1 1 650 143 1 0.00113122171945701
3 3 646 139 648 143 1115 528 1 0.00113122171945701
4 4 7 2 647 139 651 143 1486 712 1 0.00113122171945701
4 0 648 141 649 321 650 140 651 142 0.25 0.00113122171945701
1 0 652 2 1 0.00113122171945701
1 0 653 2 1 0.00113122171945701
2 2 8 3 658 151 1 0.00113122171945701
18 18 120 16 468 62 497 73 531 83 537 85 547 87 579 105 621 118 660 151 662 153 685 161 697 163 806 233 1119 528 1295 633 1316 638 1337 642 1352 643 1 0.00113122171945701
3 2 661 151 663 153 654 672 1 0.00113122171945701
2 0 655 3 656 173 0.5 0.00113122171945701
1 0 657 3 1 0.00113122171945701
4 0 658 146 659 3 660 147 661 148 0.25 0.00113122171945701
1 1 664 153 1 0.00113122171945701
9 0 662 147 663 148 664 152 665 3 666 97 667 672 668 356 669 311 670 355 0.111111111111111 0.00113122171945701
3 3 9 4 684 161 1282 633 1 0.00113122171945701
4 4 10 4 675 159 683 161 1096 521 1 0.00113122171945701
2 2 11 4 671 158 1 0.00113122171945701
2 2 12 4 915 381 1 0.00113122171945701
7 3 13 4 677 160 1110 528 671 156 672 18 673 0 674 171 0.25 0.00113122171945701
2 0 675 155 676 4 0.5 0.00113122171945701
1 0 677 158 1 0.00113122171945701
10 0 678 660 679 672 680 355 681 0 682 4 683 155 684 154 685 147 686 314 687 313 0.1 0.00113122171945701
8 0 688 0 689 299 690 276 691 130 692 240 693 396 694 528 695 4 0.125 0.00113122171945701
2 0 696 18 697 147 0.5 0.00113122171945701
1 0 698 5 1 0.00113122171945701
1 0 699 5 1 0.00113122171945701
1 0 700 5 1 0.00113122171945701
1 0 701 5 1 0.00113122171945701
1 0 702 245 1 0.00113122171945701
2 0 703 5 704 871 0.5 0.00113122171945701
1 0 705 5 1 0.00113122171945701
2 2 674 158 1586 855 1 0.00113122171945701
8 0 706 50 707 583 708 605 709 610 710 449 711 6 712 391 713 0 0.125 0.00113122171945701
25 25 14 7 472 65 488 70 517 78 519 79 656 149 715 174 716 175 724 176 936 389 943 390 974 462 977 463 998 486 1002 487 1043 505 1049 508 1054 510 1140 552 1145 553 1154 555 1173 562 1184 566 1276 631 1612 882 1 0.00113122171945701
11 9 228 44 721 176 996 485 1001 487 1029 501 1042 505 1052 509 1066 514 1193 571 714 472 715 173 0.5 0.00113122171945701
5 4 725 176 987 478 1035 502 1195 571 716 173 1 0.00113122171945701
12 0 717 672 718 453 719 454 720 178 721 174 722 7 723 472 724 173 725 175 726 44 727 467 728 471 0.0833333333333333 0.00113122171945701
2 1 622 118 729 178 1 0.00113122171945701
16 16 15 8 124 16 720 176 729 177 730 179 731 180 732 181 733 182 734 183 736 184 737 185 738 186 739 188 742 194 897 357 1073 515 1 0.00113122171945701
1 0 730 178 1 0.00113122171945701
1 0 731 178 1 0.00113122171945701
1 0 732 178 1 0.00113122171945701
3 2 745 195 1317 638 733 178 1 0.00113122171945701
3 1 746 195 734 178 735 443 0.5 0.00113122171945701
2 1 747 195 736 178 1 0.00113122171945701
1 0 737 178 1 0.00113122171945701
2 1 748 195 738 178 1 0.00113122171945701
1 1 749 195 1 0.00113122171945701
2 1 750 195 739 178 1 0.00113122171945701
1 0 740 190 1 0.00113122171945701
12 12 16 8 526 82 643 130 740 189 813 241 881 302 911 379 1099 522 1102 524 1170 560 1203 590 1583 848 1 0.00113122171945701
1 1 17 8 1 0.00113122171945701
1 1 18 8 1 0.00113122171945701
2 1 19 8 741 357 1 0.00113122171945701
1 0 742 178 1 0.00113122171945701
9 0 743 458 744 357 745 182 746 183 747 184 748 186 749 187 750 188 751 8 0.111111111111111 0.00113122171945701
4 0 752 1 753 0 754 8 755 245 0.25 0.00113122171945701
1 1 20 9 1 0.00113122171945701
1 1 1559 831 1 0.00113122171945701
4 1 830 254 756 9 757 108 758 105 0.333333333333333 0.00113122171945701
4 4 761 201 808 233 817 244 831 254 1 0.00113122171945701
6 0 759 336 760 215 761 200 762 9 763 415 764 427 0.166666666666667 0.00113122171945701
7 2 805 233 811 238 765 340 766 209 767 212 768 223 769 215 0.2 0.00113122171945701
1 1 21 10 1 0.00113122171945701
3 0 770 340 771 205 772 362 0.333333333333333 0.00113122171945701
4 2 22 10 771 204 773 97 774 453 0.5 0.00113122171945701
1 0 775 340 1 0.00113122171945701
3 1 845 279 776 243 777 232 0.5 0.00113122171945701
1 1 23 10 1 0.00113122171945701
2 2 24 10 766 202 1 0.00113122171945701
3 1 814 242 778 246 779 242 0.5 0.00113122171945701
1 0 780 340 1 0.00113122171945701
2 2 25 10 767 202 1 0.00113122171945701
4 1 950 396 781 340 782 0 783 245 0.333333333333333 0.00113122171945701
2 1 815 242 784 242 1 0.00113122171945701
10 10 26 10 493 72 542 86 558 92 589 105 598 108 760 201 769 202 829 254 1297 633 1 0.00113122171945701
2 0 785 361 786 362 0.5 0.00113122171945701
1 0 787 340 1 0.00113122171945701
1 0 788 340 1 0.00113122171945701
1 0 789 340 1 0.00113122171945701
2 0 790 340 791 245 0.5 0.00113122171945701
1 0 792 340 1 0.00113122171945701
1 0 793 340 1 0.00113122171945701
2 2 27 10 768 202 1 0.00113122171945701
1 1 28 10 1 0.00113122171945701
1 0 794 340 1 0.00113122171945701
2 0 795 340 796 245 0.5 0.00113122171945701
1 0 797 340 1 0.00113122171945701
1 0 798 340 1 0.00113122171945701
1 0 799 340 1 0.00113122171945701
1 0 800 340 1 0.00113122171945701
2 1 1585 855 801 340 1 0.00113122171945701
4 2 29 10 777 207 802 449 803 346 0.5 0.00113122171945701
7 1 30 10 804 340 805 202 806 147 807 0 808 200 809 314 0.166666666666667 0.00113122171945701
1 0 810 340 1 0.00113122171945701
2 2 827 252 1591 855 1 0.00113122171945701
1 1 31 10 1 0.00113122171945701
1 1 32 10 1 0.00113122171945701
3 1 33 10 811 202 812 340 0.5 0.00113122171945701
1 1 34 10 1 0.00113122171945701
4 4 35 10 692 162 951 396 1589 855 1 0.00113122171945701
2 1 1574 836 813 190 1 0.00113122171945701
5 3 36 10 779 210 784 214 814 210 815 214 0.5 0.00113122171945701
2 2 37 10 776 207 1 0.00113122171945701
2 0 816 716 817 200 0.5 0.00113122171945701
7 7 38 10 702 168 755 196 783 213 791 220 796 226 1149 553 1 0.00113122171945701
4 2 39 10 778 210 818 339 819 340 0.5 0.00113122171945701
2 0 820 10 821 716 0.5 0.00113122171945701
1 0 822 716 1 0.00113122171945701
2 0 823 10 824 716 0.5 0.00113122171945701
1 0 825 10 1 0.00113122171945701
1 1 832 254 1 0.00113122171945701
2 0 826 10 827 235 0.5 0.00113122171945701
1 0 828 716 1 0.00113122171945701
13 0 829 215 830 199 831 200 832 251 833 340 834 635 835 10 836 0 837 314 838 373 839 450 840 427 841 372 0.0769230769230769 0.00113122171945701
2 2 40 11 502 75 1 0.00113122171945701
1 1 41 11 1 0.00113122171945701
2 1 42 11 842 356 1 0.00113122171945701
2 2 43 11 1114 528 1 0.00113122171945701
1 1 44 11 1 0.00113122171945701
1 1 45 11 1 0.00113122171945701
3 3 46 11 862 286 1231 616 1 0.00113122171945701
2 2 47 11 863 286 1 0.00113122171945701
2 2 48 11 864 286 1 0.00113122171945701
2 2 49 11 865 286 1 0.00113122171945701
2 2 50 11 866 286 1 0.00113122171945701
2 2 51 11 867 286 1 0.00113122171945701
2 2 52 11 868 286 1 0.00113122171945701
1 1 53 11 1 0.00113122171945701
3 3 54 11 869 286 913 379 1 0.00113122171945701
1 1 55 11 1 0.00113122171945701
1 1 56 11 1 0.00113122171945701
1 1 57 11 1 0.00113122171945701
3 3 58 11 870 286 1587 855 1 0.00113122171945701
1 1 59 11 1 0.00113122171945701
3 3 60 11 501 75 871 286 1 0.00113122171945701
3 3 61 11 503 75 690 162 1 0.00113122171945701
1 0 843 314 1 0.00113122171945701
1 0 844 11 1 0.00113122171945701
2 0 845 207 846 11 0.5 0.00113122171945701
2 0 847 11 848 415 0.5 0.00113122171945701
2 0 849 11 850 313 0.5 0.00113122171945701
2 0 851 11 852 429 0.5 0.00113122171945701
1 0 853 11 1 0.00113122171945701
5 0 854 97 855 313 856 314 857 852 858 11 0.2 0.00113122171945701
2 0 859 11 860 429 0.5 0.00113122171945701
14 0 861 11 862 261 863 262 864 263 865 264 866 265 867 266 868 267 869 269 870 273 871 275 872 332 873 313 874 314 0.0714285714285714 0.00113122171945701
2 2 62 12 178 23 1 0.00113122171945701
3 3 63 12 179 23 1116 528 1 0.00113122171945701
2 2 64 12 925 387 1 0.00113122171945701
2 2 65 12 213 41 1 0.00113122171945701
1 1 66 12 1 0.00113122171945701
2 1 67 12 875 340 1 0.00113122171945701
1 1 68 12 1 0.00113122171945701
1 1 69 12 1 0.00113122171945701
2 2 70 12 880 297 1 0.00113122171945701
1 1 71 12 1 0.00113122171945701
6 1 72 12 876 97 877 453 878 18 879 12 880 295 0.2 0.00113122171945701
1 1 73 12 1 0.00113122171945701
2 2 74 12 689 162 1 0.00113122171945701
1 1 75 12 1 0.00113122171945701
1 1 76 12 1 0.00113122171945701
1 0 881 190 1 0.00113122171945701
1 0 882 12 1 0.00113122171945701
2 0 883 12 884 593 0.5 0.00113122171945701
2 2 562 94 912 379 1 0.00113122171945701
3 1 561 94 885 850 886 18 0.5 0.00113122171945701
1 0 887 12 1 0.00113122171945701
1 1 77 13 1 0.00113122171945701
5 5 78 13 889 310 1071 515 1123 529 1232 617 1 0.00113122171945701
3 1 79 13 888 365 889 309 0.5 0.00113122171945701
5 5 80 13 132 16 460 61 669 153 1505 720 1 0.00113122171945701
2 2 461 61 1113 528 1 0.00113122171945701
16 15 81 14 469 63 479 66 535 85 550 87 582 105 615 118 629 121 687 161 850 281 855 284 873 286 918 382 1095 521 1598 872 890 432 1 0.00113122171945701
33 33 82 14 470 63 476 66 520 80 538 85 548 87 574 104 580 105 604 109 616 118 630 121 686 161 809 233 837 254 843 277 856 284 874 286 891 315 919 382 1015 493 1036 503 1061 513 1082 519 1088 520 1120 528 1213 596 1251 625 1268 630 1344 642 1358 643 1487 712 1564 833 1567 834 1 0.00113122171945701
3 2 83 14 1353 643 891 314 1 0.00113122171945701
1 1 84 14 1 0.00113122171945701
1 1 642 130 1 0.00113122171945701
1 1 85 15 1 0.00113122171945701
1 0 892 15 1 0.00113122171945701
1 0 893 15 1 0.00113122171945701
2 2 86 16 649 143 1 0.00113122171945701
1 1 87 16 1 0.00113122171945701
1 1 88 16 1 0.00113122171945701
1 1 89 16 1 0.00113122171945701
1 1 90 16 1 0.00113122171945701
3 3 91 16 462 61 1509 720 1 0.00113122171945701
2 2 92 16 990 480 1 0.00113122171945701
1 1 93 16 1 0.00113122171945701
1 1 94 16 1 0.00113122171945701
2 2 95 16 620 118 1 0.00113122171945701
2 2 96 16 1072 515 1 0.00113122171945701
3 3 97 16 576 104 872 286 1 0.00113122171945701
3 3 98 16 577 104 982 470 1 0.00113122171945701
2 2 99 16 1584 855 1 0.00113122171945701
2 2 100 16 623 118 1 0.00113122171945701
3 3 101 16 759 201 966 438 1 0.00113122171945701
2 1 102 16 894 338 1 0.00113122171945701
2 2 103 16 894 337 1 0.00113122171945701
4 4 104 16 194 32 818 246 1508 720 1 0.00113122171945701
26 26 105 16 195 32 765 202 770 204 775 206 780 211 781 213 787 217 788 218 789 219 790 220 792 221 793 222 794 225 795 226 797 227 798 228 799 229 800 230 801 231 804 233 810 234 812 238 819 246 833 254 875 292 1 0.00113122171945701
1 1 106 16 1 0.00113122171945701
1 1 107 16 1 0.00113122171945701
2 2 108 16 983 470 1 0.00113122171945701
2 2 109 16 981 470 1 0.00113122171945701
2 2 110 16 946 396 1 0.00113122171945701
5 5 111 16 803 232 935 389 942 390 972 456 1 0.00113122171945701
1 1 112 16 1 0.00113122171945701
1 1 113 16 1 0.00113122171945701
3 3 114 16 947 396 1318 638 1 0.00113122171945701
2 1 115 16 895 351 1 0.00113122171945701
2 2 116 16 895 350 1 0.00113122171945701
1 1 117 16 1 0.00113122171945701
4 3 118 16 619 118 1069 515 896 354 1 0.00113122171945701
3 3 119 16 896 353 1070 515 1 0.00113122171945701
4 4 121 16 578 105 670 153 680 161 1 0.00113122171945701
3 3 122 16 668 153 842 257 1 0.00113122171945701
4 3 123 16 741 193 744 195 897 178 1 0.00113122171945701
2 2 125 16 467 62 1 0.00113122171945701
3 2 126 16 952 396 898 461 1 0.00113122171945701
1 1 127 16 1 0.00113122171945701
5 4 128 16 508 77 785 216 1504 720 899 362 1 0.00113122171945701
6 6 129 16 772 204 786 216 899 361 944 391 1605 878 1 0.00113122171945701
1 1 130 16 1 0.00113122171945701
3 3 131 16 464 61 1593 855 1 0.00113122171945701
5 5 133 16 196 33 888 310 1497 719 1538 787 1 0.00113122171945701
1 0 900 375 1 0.00113122171945701
1 1 134 17 1 0.00113122171945701
1 1 135 17 1 0.00113122171945701
1 1 136 17 1 0.00113122171945701
2 2 137 17 1283 633 1 0.00113122171945701
1 1 138 17 1 0.00113122171945701
2 1 841 254 901 375 1 0.00113122171945701
10 9 507 76 838 254 1153 554 1271 631 1323 639 1335 642 1345 643 1491 715 1507 720 902 375 1 0.00113122171945701
2 1 1506 720 903 375 1 0.00113122171945701
13 13 139 17 900 366 901 372 902 373 903 374 967 439 1494 716 1517 734 1524 756 1531 777 1534 779 1541 799 1554 823 1 0.00113122171945701
1 0 904 17 1 0.00113122171945701
1 0 905 17 1 0.00113122171945701
2 0 906 869 907 17 0.5 0.00113122171945701
6 0 908 17 909 851 910 97 911 190 912 305 913 269 0.166666666666667 0.00113122171945701
1 0 914 17 1 0.00113122171945701
1 0 915 157 1 0.00113122171945701
7 3 140 18 921 383 923 384 916 18 917 385 918 313 919 314 0.25 0.00113122171945701
4 1 141 18 920 385 921 382 922 18 0.333333333333333 0.00113122171945701
1 0 923 382 1 0.00113122171945701
3 3 142 18 917 382 920 383 1 0.00113122171945701
1 0 924 18 1 0.00113122171945701
4 0 925 289 926 18 927 588 928 445 0.25 0.00113122171945701
2 1 143 19 929 533 1 0.00113122171945701
7 0 930 400 931 401 932 402 933 449 934 392 935 346 936 173 0.142857142857143 0.00113122171945701
7 0 937 400 938 401 939 402 940 449 941 392 942 346 943 173 0.142857142857143 0.00113122171945701
7 6 144 20 712 172 1302 635 1313 638 1359 644 1588 855 944 362 1 0.00113122171945701
3 3 145 20 934 389 941 390 1 0.00113122171945701
1 1 146 20 1 0.00113122171945701
1 1 147 20 1 0.00113122171945701
2 1 148 20 945 533 1 0.00113122171945701
15 7 149 20 512 77 516 78 533 84 564 96 586 105 693 162 946 345 947 349 948 627 949 130 950 213 951 240 952 359 953 844 0.125 0.00113122171945701
1 1 151 20 1 0.00113122171945701
2 1 152 20 954 533 1 0.00113122171945701
1 1 153 20 1 0.00113122171945701
4 4 154 20 930 389 937 390 1080 519 1 0.00113122171945701
3 3 155 20 931 389 938 390 1 0.00113122171945701
3 3 156 20 932 389 939 390 1 0.00113122171945701
1 1 157 20 1 0.00113122171945701
1 1 158 20 1 0.00113122171945701
1 1 159 20 1 0.00113122171945701
3 1 160 20 955 407 956 408 0.5 0.00113122171945701
4 4 161 20 955 406 957 408 1158 555 1 0.00113122171945701
4 3 162 20 956 406 1159 555 957 407 1 0.00113122171945701
1 1 163 20 1 0.00113122171945701
1 1 164 20 1 0.00113122171945701
1 1 165 20 1 0.00113122171945701
1 1 166 20 1 0.00113122171945701
1 1 167 20 1 0.00113122171945701
1 1 168 20 1 0.00113122171945701
14 14 169 20 183 24 490 70 494 72 511 77 529 83 602 109 763 201 848 280 1279 632 1305 635 1309 636 1320 638 1362 644 1 0.00113122171945701
1 1 170 20 1 0.00113122171945701
2 1 171 20 958 533 1 0.00113122171945701
1 0 959 21 1 0.00113122171945701
1 0 960 21 1 0.00113122171945701
2 2 172 22 1592 855 1 0.00113122171945701
1 1 173 22 1 0.00113122171945701
1 1 174 22 1 0.00113122171945701
1 1 175 22 1 0.00113122171945701
1 1 176 22 1 0.00113122171945701
1 1 180 24 1 0.00113122171945701
1 1 181 24 1 0.00113122171945701
7 7 182 24 480 66 764 201 840 254 1306 635 1321 638 1363 644 1 0.00113122171945701
1 1 185 24 1 0.00113122171945701
2 2 852 282 860 285 1 0.00113122171945701
1 1 186 25 1 0.00113122171945701
1 1 187 25 1 0.00113122171945701
13 13 188 26 478 66 522 80 567 98 890 313 1062 513 1083 519 1122 528 1175 562 1343 642 1357 643 1566 834 1615 883 1 0.00113122171945701
2 0 961 437 962 434 0.5 0.00113122171945701
3 2 189 27 962 433 963 533 1 0.00113122171945701
2 1 190 27 964 533 1 0.00113122171945701
1 0 965 437 1 0.00113122171945701
3 3 191 27 961 433 965 436 1 0.00113122171945701
1 0 966 336 1 0.00113122171945701
1 0 967 375 1 0.00113122171945701
1 0 968 29 1 0.00113122171945701
2 2 193 31 214 42 1 0.00113122171945701
1 1 197 34 1 0.00113122171945701
4 4 198 35 735 183 970 445 1580 841 1 0.00113122171945701
3 3 199 35 969 445 1269 630 1 0.00113122171945701
6 4 200 35 928 387 1228 614 1445 678 969 444 970 443 0.5 0.00113122171945701
1 1 201 35 1 0.00113122171945701
1 1 202 35 1 0.00113122171945701
2 2 203 36 505 76 1 0.00113122171945701
6 6 204 36 710 172 802 232 933 389 940 390 973 456 1 0.00113122171945701
12 12 205 36 506 76 509 77 540 85 545 86 600 109 617 118 839 254 1087 519 1244 622 1255 625 1288 633 1 0.00113122171945701
1 1 206 36 1 0.00113122171945701
7 6 208 37 463 61 536 85 618 118 1094 520 1117 528 971 0 1 0.00113122171945701
6 6 209 38 718 176 774 205 877 297 1091 520 1106 526 1 0.00113122171945701
3 3 210 38 719 176 1084 519 1 0.00113122171945701
2 2 211 39 1012 493 1 0.00113122171945701
3 1 212 40 972 346 973 449 0.5 0.00113122171945701
1 1 592 108 1 0.00113122171945701
1 1 743 195 1 0.00113122171945701
1 1 215 43 1 0.00113122171945701
1 1 217 43 1 0.00113122171945701
3 3 218 43 898 359 975 462 1 0.00113122171945701
3 0 974 173 975 461 976 43 0.333333333333333 0.00113122171945701
3 0 977 173 978 43 979 0 0.333333333333333 0.00113122171945701
2 1 219 44 980 44 1 0.00113122171945701
2 2 220 44 1018 495 1 0.00113122171945701
3 3 221 44 986 474 1005 488 1 0.00113122171945701
2 2 222 44 727 176 1 0.00113122171945701
1 1 223 44 1 0.00113122171945701
1 1 224 44 1 0.00113122171945701
4 1 225 44 981 344 982 333 983 343 0.333333333333333 0.00113122171945701
3 3 226 44 728 176 1045 506 1 0.00113122171945701
12 12 227 44 714 174 723 176 1000 487 1019 496 1024 499 1031 502 1040 505 1057 510 1137 552 1183 566 1192 571 1 0.00113122171945701
2 1 229 44 984 44 1 0.00113122171945701
3 1 230 44 985 44 986 466 0.5 0.00113122171945701
3 3 231 44 1009 491 1034 502 1 0.00113122171945701
2 2 232 44 1053 509 1 0.00113122171945701
1 1 233 44 1 0.00113122171945701
2 1 234 44 987 175 1 0.00113122171945701
1 0 988 533 1 0.00113122171945701
2 0 989 44 990 327 0.5 0.00113122171945701
1 0 991 44 1 0.00113122171945701
1 0 992 44 1 0.00113122171945701
1 0 993 44 1 0.00113122171945701
1 0 994 44 1 0.00113122171945701
2 0 995 44 996 174 0.5 0.00113122171945701
2 0 997 44 998 173 0.5 0.00113122171945701
5 0 999 44 1000 472 1001 174 1002 173 1003 533 0.2 0.00113122171945701
2 0 1004 44 1005 466 0.5 0.00113122171945701
1 0 1006 44 1 0.00113122171945701
1 0 1007 44 1 0.00113122171945701
6 4 1027 501 1038 504 1048 508 1064 514 1008 44 1009 475 0.5 0.00113122171945701
1 0 1010 44 1 0.00113122171945701
5 0 1011 866 1012 455 1013 44 1014 533 1015 314 0.2 0.00113122171945701
1 0 1016 44 1 0.00113122171945701
2 0 1017 44 1018 465 0.5 0.00113122171945701
2 0 1019 472 1020 44 0.5 0.00113122171945701
2 0 1021 537 1022 44 0.5 0.00113122171945701
1 0 1023 44 1 0.00113122171945701
3 1 1033 502 1024 472 1025 44 0.5 0.00113122171945701
1 0 1026 44 1 0.00113122171945701
4 0 1027 491 1028 44 1029 174 1030 533 0.25 0.00113122171945701
5 0 1031 472 1032 44 1033 499 1034 475 1035 175 0.2 0.00113122171945701
2 0 1036 314 1037 44 0.5 0.00113122171945701
2 0 1038 491 1039 44 0.5 0.00113122171945701
4 0 1040 472 1041 44 1042 174 1043 173 0.25 0.00113122171945701
2 0 1044 44 1045 471 0.5 0.00113122171945701
1 0 1046 44 1 0.00113122171945701
4 0 1047 44 1048 491 1049 173 1050 533 0.25 0.00113122171945701
3 0 1051 44 1052 174 1053 476 0.333333333333333 0.00113122171945701
5 0 1054 173 1055 537 1056 535 1057 472 1058 44 0.2 0.00113122171945701
1 0 1059 44 1 0.00113122171945701
1 0 1060 44 1 0.00113122171945701
3 0 1061 314 1062 432 1063 44 0.333333333333333 0.00113122171945701
4 0 1064 491 1065 44 1066 174 1067 533 0.25 0.00113122171945701
6 0 1068 45 1069 353 1070 354 1071 309 1072 331 1073 178 0.166666666666667 0.00113122171945701
1 1 593 108 1 0.00113122171945701
1 0 1074 660 1 0.00113122171945701
6 1 236 47 1075 1 1076 0 1077 18 1078 12 1079 4 0.2 0.00113122171945701
8 0 1080 400 1081 97 1082 314 1083 432 1084 454 1085 48 1086 0 1087 450 0.125 0.00113122171945701
7 0 1088 314 1089 526 1090 48 1091 453 1092 97 1093 0 1094 452 0.142857142857143 0.00113122171945701
3 0 1095 313 1096 155 1097 48 0.333333333333333 0.00113122171945701
2 0 1098 48 1099 190 0.5 0.00113122171945701
1 0 1100 48 1 0.00113122171945701
2 0 1101 48 1102 190 0.5 0.00113122171945701
2 0 1103 48 1104 0 0.5 0.00113122171945701
4 1 1089 520 1105 48 1106 453 1107 97 0.333333333333333 0.00113122171945701
2 0 1108 48 1109 132 0.5 0.00113122171945701
14 1 694 162 1110 158 1111 48 1112 0 1113 312 1114 258 1115 141 1116 288 1117 452 1118 577 1119 147 1120 314 1121 849 1122 432 0.0769230769230769 0.00113122171945701
1 0 1123 309 1 0.00113122171945701
1 1 238 49 1 0.00113122171945701
1 1 239 49 1 0.00113122171945701
1 1 240 49 1 0.00113122171945701
40 40 241 49 595 108 929 388 945 395 954 398 958 417 963 434 964 435 988 479 1003 487 1014 493 1030 501 1050 508 1067 514 1185 566 1512 723 1518 735 1520 742 1521 743 1522 745 1523 746 1525 760 1526 761 1527 762 1528 763 1529 766 1530 767 1532 778 1535 782 1536 785 1537 786 1539 792 1547 806 1550 812 1551 816 1552 817 1553 820 1555 827 1556 828 1557 829 1 0.00113122171945701
4 4 242 49 1124 536 1139 552 1143 553 1 0.00113122171945701
3 3 243 49 1056 510 1167 560 1 0.00113122171945701
5 3 1126 537 1132 549 1150 554 1124 534 1125 537 0.5 0.00113122171945701
11 10 244 49 1021 497 1055 510 1125 536 1142 553 1157 555 1166 560 1178 564 1181 566 1186 567 1126 536 1 0.00113122171945701
1 1 245 49 1 0.00113122171945701
3 3 246 49 1156 555 1171 560 1 0.00113122171945701
2 2 247 49 1168 560 1 0.00113122171945701
1 1 1188 569 1 0.00113122171945701
1 1 1189 569 1 0.00113122171945701
3 3 1127 545 1190 569 1194 571 1 0.00113122171945701
1 1 248 49 1 0.00113122171945701
1 0 1127 543 1 0.00113122171945701
2 0 1128 5 1129 729 0.5 0.00113122171945701
1 0 1130 49 1 0.00113122171945701
1 0 1131 49 1 0.00113122171945701
1 0 1132 536 1 0.00113122171945701
1 0 1133 49 1 0.00113122171945701
3 0 1134 49 1135 572 1136 672 0.333333333333333 0.00113122171945701
4 0 1137 472 1138 49 1139 534 1140 173 0.25 0.00113122171945701
9 0 1141 49 1142 537 1143 534 1144 0 1145 173 1146 718 1147 726 1148 716 1149 245 0.111111111111111 0.00113122171945701
4 0 1150 536 1151 49 1152 729 1153 373 0.25 0.00113122171945701
6 0 1154 173 1155 49 1156 539 1157 537 1158 407 1159 408 0.166666666666667 0.00113122171945701
1 0 1160 49 1 0.00113122171945701
1 0 1161 49 1 0.00113122171945701
1 0 1162 49 1 0.00113122171945701
2 0 1163 572 1164 49 0.5 0.00113122171945701
7 0 1165 49 1166 537 1167 535 1168 540 1169 97 1170 190 1171 539 0.142857142857143 0.00113122171945701
1 0 1172 49 1 0.00113122171945701
4 0 1173 173 1174 49 1175 432 1176 869 0.25 0.00113122171945701
1 0 1177 49 1 0.00113122171945701
2 0 1178 537 1179 49 0.5 0.00113122171945701
1 0 1180 49 1 0.00113122171945701
5 0 1181 537 1182 49 1183 472 1184 173 1185 533 0.2 0.00113122171945701
1 0 1186 537 1 0.00113122171945701
1 0 1187 49 1 0.00113122171945701
3 0 1188 541 1189 542 1190 543 0.333333333333333 0.00113122171945701
1 0 1191 49 1 0.00113122171945701
5 0 1192 472 1193 174 1194 543 1195 175 1196 49 0.2 0.00113122171945701
3 2 1135 551 1163 559 1197 49 1 0.00113122171945701
1 0 1198 49 1 0.00113122171945701
4 3 1200 575 1217 603 1234 617 1199 598 1 0.00113122171945701
2 1 249 50 1200 574 1 0.00113122171945701
2 1 250 50 1201 598 1 0.00113122171945701
2 2 251 50 1118 528 1 0.00113122171945701
1 1 252 50 1 0.00113122171945701
1 1 253 50 1 0.00113122171945701
1 1 254 50 1 0.00113122171945701
1 1 255 50 1 0.00113122171945701
1 1 256 50 1 0.00113122171945701
5 5 257 50 541 86 707 172 1208 593 1218 605 1 0.00113122171945701
1 1 258 50 1 0.00113122171945701
2 2 259 50 1236 619 1 0.00113122171945701
1 1 260 50 1 0.00113122171945701
1 1 261 50 1 0.00113122171945701
2 2 262 50 927 387 1 0.00113122171945701
1 1 263 50 1 0.00113122171945701
4 2 264 50 1205 593 1202 593 1203 190 0.5 0.00113122171945701
2 2 265 50 1215 598 1 0.00113122171945701
3 2 266 50 1214 598 1204 598 1 0.00113122171945701
9 5 884 304 1202 590 1209 594 1211 595 1216 598 1205 590 1206 594 1207 598 1208 583 0.25 0.00113122171945701
4 3 267 50 1206 593 1210 595 1209 593 1 0.00113122171945701
2 0 1210 594 1211 593 0.5 0.00113122171945701
3 1 268 50 1212 597 1213 314 0.5 0.00113122171945701
2 2 269 50 1212 596 1 0.00113122171945701
10 7 270 50 1199 574 1201 576 1204 592 1207 593 1238 620 1248 624 1214 592 1215 591 1216 593 0.333333333333333 0.00113122171945701
1 1 271 50 1 0.00113122171945701
1 1 272 50 1 0.00113122171945701
1 1 273 50 1 0.00113122171945701
1 1 274 50 1 0.00113122171945701
2 1 275 50 1217 574 1 0.00113122171945701
3 3 276 50 1245 622 1256 625 1 0.00113122171945701
3 2 277 50 708 172 1218 583 1 0.00113122171945701
1 1 278 50 1 0.00113122171945701
1 0 1219 50 1 0.00113122171945701
1 0 1220 50 1 0.00113122171945701
1 0 1221 50 1 0.00113122171945701
2 1 709 172 1222 50 1 0.00113122171945701
2 0 1223 50 1224 622 0.5 0.00113122171945701
1 0 1225 50 1 0.00113122171945701
1 0 1226 50 1 0.00113122171945701
2 0 1227 50 1228 445 0.5 0.00113122171945701
1 0 1229 50 1 0.00113122171945701
2 0 1230 50 1231 261 0.5 0.00113122171945701
3 0 1232 309 1233 50 1234 574 0.333333333333333 0.00113122171945701
1 0 1235 50 1 0.00113122171945701
2 0 1236 585 1237 50 0.5 0.00113122171945701
2 0 1238 598 1239 50 0.5 0.00113122171945701
3 2 1242 622 1253 625 1240 50 1 0.00113122171945701
6 1 1224 611 1241 50 1242 621 1243 97 1244 450 1245 604 0.2 0.00113122171945701
2 0 1246 726 1247 50 0.5 0.00113122171945701
2 0 1248 598 1249 50 0.5 0.00113122171945701
7 0 1250 839 1251 314 1252 50 1253 621 1254 97 1255 450 1256 604 0.142857142857143 0.00113122171945701
2 0 1257 736 1258 50 0.5 0.00113122171945701
2 2 948 396 1300 634 1 0.00113122171945701
5 0 1259 734 1260 641 1261 51 1262 726 1263 716 0.2 0.00113122171945701
2 0 1264 718 1265 51 0.5 0.00113122171945701
4 0 1266 51 1267 765 1268 314 1269 444 0.25 0.00113122171945701
7 0 1270 639 1271 373 1272 724 1273 726 1274 51 1275 718 1276 173 0.142857142857143 0.00113122171945701
3 0 1277 51 1278 716 1279 415 0.333333333333333 0.00113122171945701
20 0 1280 790 1281 807 1282 154 1283 370 1284 721 1285 770 1286 637 1287 808 1288 450 1289 718 1290 734 1291 769 1292 722 1293 51 1294 635 1295 147 1296 850 1297 215 1298 639 1299 716 0.05 0.00113122171945701
2 0 1300 627 1301 51 0.5 0.00113122171945701
9 4 834 254 1294 633 1328 640 1330 641 1302 391 1303 51 1304 716 1305 415 1306 427 0.2 0.00113122171945701
3 0 1307 51 1308 716 1309 415 0.333333333333333 0.00113122171945701
4 1 1286 633 1310 718 1311 639 1312 51 0.333333333333333 0.00113122171945701
10 0 1313 391 1314 51 1315 849 1316 147 1317 182 1318 349 1319 716 1320 415 1321 427 1322 0 0.1 0.00113122171945701
14 9 1270 631 1298 633 1311 637 1336 642 1348 643 1495 718 1500 720 1516 734 1569 834 1323 373 1324 724 1325 726 1326 51 1327 718 0.2 0.00113122171945701
2 0 1328 635 1329 51 0.5 0.00113122171945701
4 1 1260 628 1330 635 1331 725 1332 51 0.333333333333333 0.00113122171945701
12 0 1333 718 1334 51 1335 373 1336 639 1337 147 1338 852 1339 736 1340 97 1341 0 1342 672 1343 432 1344 314 0.0833333333333333 0.00113122171945701
15 1 588 105 1345 373 1346 718 1347 51 1348 639 1349 741 1350 852 1351 736 1352 147 1353 315 1354 97 1355 0 1356 672 1357 432 1358 314 0.0714285714285714 0.00113122171945701
5 0 1359 391 1360 51 1361 716 1362 415 1363 427 0.2 0.00113122171945701
1 1 279 52 1 0.00113122171945701
2 1 280 52 1364 52 1 0.00113122171945701
23 18 281 53 1370 649 1373 650 1376 651 1379 652 1384 653 1392 656 1395 657 1406 666 1413 667 1421 668 1428 669 1431 670 1434 671 1438 675 1440 676 1442 677 1448 679 1365 675 1366 649 1367 663 1368 664 1369 672 0.2 0.00113122171945701
9 9 282 53 1374 650 1377 651 1407 666 1414 667 1422 668 1429 669 1432 670 1435 671 1 0.00113122171945701
4 1 1366 647 1370 647 1371 664 1372 672 0.333333333333333 0.00113122171945701
3 0 1373 647 1374 648 1375 672 0.333333333333333 0.00113122171945701
3 0 1376 647 1377 648 1378 672 0.333333333333333 0.00113122171945701
5 0 1379 647 1380 660 1381 661 1382 662 1383 672 0.2 0.00113122171945701
2 0 1384 647 1385 672 0.5 0.00113122171945701
8 5 283 53 1408 666 1415 667 1423 668 1462 689 1386 663 1387 664 1388 672 0.333333333333333 0.00113122171945701
7 4 284 53 1409 666 1416 667 1424 668 1389 663 1390 664 1391 672 0.333333333333333 0.00113122171945701
3 0 1392 647 1393 674 1394 672 0.333333333333333 0.00113122171945701
2 0 1395 647 1396 672 0.5 0.00113122171945701
8 5 285 53 1410 666 1417 667 1425 668 1474 700 1397 663 1398 664 1399 672 0.333333333333333 0.00113122171945701
7 4 286 53 1411 666 1418 667 1426 668 1400 663 1401 664 1402 672 0.333333333333333 0.00113122171945701
4 4 287 53 678 161 1074 517 1380 652 1 0.00113122171945701
3 2 288 53 1381 652 1403 672 1 0.00113122171945701
2 2 289 53 1382 652 1 0.00113122171945701
10 9 290 53 1367 647 1386 654 1389 655 1397 658 1400 659 1419 667 1437 672 1452 681 1404 672 1 0.00113122171945701
8 7 291 53 1368 647 1371 649 1387 654 1390 655 1398 658 1401 659 1405 672 1 0.00113122171945701
1 1 292 53 1 0.00113122171945701
7 0 1406 647 1407 648 1408 654 1409 655 1410 658 1411 659 1412 672 0.142857142857143 0.00113122171945701
8 0 1413 647 1414 648 1415 654 1416 655 1417 658 1418 659 1419 663 1420 672 0.125 0.00113122171945701
7 0 1421 647 1422 648 1423 654 1424 655 1425 658 1426 659 1427 672 0.142857142857143 0.00113122171945701
3 0 1428 647 1429 648 1430 672 0.333333333333333 0.00113122171945701
3 0 1431 647 1432 648 1433 672 0.333333333333333 0.00113122171945701
3 0 1434 647 1435 648 1436 672 0.333333333333333 0.00113122171945701
37 36 293 53 474 65 523 80 654 148 667 153 679 161 717 176 1136 551 1342 642 1356 643 1369 647 1372 649 1375 650 1378 651 1383 652 1385 653 1388 654 1391 655 1394 656 1396 657 1399 658 1402 659 1403 661 1404 663 1405 664 1412 666 1420 667 1427 668 1430 669 1433 670 1436 671 1439 675 1441 676 1443 677 1451 681 1488 713 1437 663 1 0.00113122171945701
2 2 294 53 1449 679 1 0.00113122171945701
2 2 295 53 1393 656 1 0.00113122171945701
3 1 1365 647 1438 647 1439 672 0.5 0.00113122171945701
2 0 1440 647 1441 672 0.5 0.00113122171945701
2 0 1442 647 1443 672 0.5 0.00113122171945701
3 0 1444 53 1445 445 1446 871 0.333333333333333 0.00113122171945701
3 0 1447 53 1448 647 1449 673 0.333333333333333 0.00113122171945701
1 0 1450 53 1 0.00113122171945701
3 0 1451 672 1452 663 1453 53 0.333333333333333 0.00113122171945701
1 1 296 54 1 0.00113122171945701
1 1 297 54 1 0.00113122171945701
3 3 298 55 1454 687 1459 689 1 0.00113122171945701
2 2 299 55 1455 687 1 0.00113122171945701
1 1 1460 689 1 0.00113122171945701
14 11 1466 694 1467 695 1468 696 1470 697 1471 698 1472 699 1473 700 1475 702 1476 703 1477 704 1479 705 1454 684 1455 685 1456 689 0.333333333333333 0.00113122171945701
2 0 1457 689 1458 692 0.5 0.00113122171945701
9 5 300 55 1456 687 1457 688 1463 691 1482 708 1459 684 1460 686 1461 55 1462 654 0.25 0.00113122171945701
1 1 301 55 1 0.00113122171945701
2 0 1463 689 1464 692 0.5 0.00113122171945701
3 3 302 55 1458 688 1464 691 1 0.00113122171945701
2 1 303 55 1465 55 1 0.00113122171945701
2 1 304 55 1466 687 1 0.00113122171945701
2 1 305 55 1467 687 1 0.00113122171945701
3 1 306 55 1468 687 1469 55 0.5 0.00113122171945701
2 1 307 55 1470 687 1 0.00113122171945701
2 1 308 55 1471 687 1 0.00113122171945701
2 1 309 55 1472 687 1 0.00113122171945701
3 1 310 55 1473 687 1474 658 0.5 0.00113122171945701
1 1 311 55 1 0.00113122171945701
2 1 312 55 1475 687 1 0.00113122171945701
2 1 313 55 1476 687 1 0.00113122171945701
3 1 314 55 1477 687 1478 55 0.5 0.00113122171945701
2 1 315 55 1479 687 1 0.00113122171945701
1 1 316 55 1 0.00113122171945701
2 1 317 55 1480 55 1 0.00113122171945701
2 0 1481 55 1482 689 0.5 0.00113122171945701
1 0 1483 870 1 0.00113122171945701
1 0 1484 870 1 0.00113122171945701
1 0 1485 55 1 0.00113122171945701
2 0 1486 142 1487 314 0.5 0.00113122171945701
2 0 1488 672 1489 55 0.5 0.00113122171945701
1 0 1490 55 1 0.00113122171945701
5 2 318 56 1499 720 1491 373 1492 716 1493 849 0.333333333333333 0.00113122171945701
19 18 319 56 510 77 816 244 821 247 822 248 824 249 828 253 1148 553 1263 628 1278 632 1299 633 1304 635 1308 636 1319 638 1361 644 1492 715 1496 718 1501 720 1494 375 1 0.00113122171945701
1 1 320 56 1 0.00113122171945701
16 14 321 56 487 69 1146 553 1264 629 1275 631 1289 633 1310 637 1327 639 1333 642 1346 643 1511 720 1549 808 1568 834 1573 836 1495 639 1496 716 0.5 0.00113122171945701
2 1 322 56 1497 365 1 0.00113122171945701
17 3 323 56 1515 734 1563 833 1498 722 1499 715 1500 639 1501 716 1502 842 1503 854 1504 361 1505 311 1506 374 1507 373 1508 339 1509 326 1510 725 1511 718 0.0714285714285714 0.00113122171945701
2 2 324 56 1284 633 1 0.00113122171945701
4 4 325 56 1292 633 1498 720 1561 832 1 0.00113122171945701
2 1 326 56 1512 533 1 0.00113122171945701
3 3 327 56 1272 631 1324 639 1 0.00113122171945701
3 3 328 56 1331 641 1510 720 1 0.00113122171945701
11 11 329 56 484 69 1147 553 1246 623 1262 628 1273 631 1325 639 1548 808 1562 833 1570 835 1581 842 1 0.00113122171945701
2 1 330 56 1513 765 1 0.00113122171945701
3 2 331 56 1565 833 1514 804 1 0.00113122171945701
3 3 332 56 1129 546 1152 554 1 0.00113122171945701
1 1 333 56 1 0.00113122171945701
1 1 334 56 1 0.00113122171945701
1 1 335 56 1 0.00113122171945701
1 1 336 56 1 0.00113122171945701
6 3 337 56 1259 628 1290 633 1515 720 1516 639 1517 375 0.333333333333333 0.00113122171945701
3 2 338 56 1560 832 1518 533 1 0.00113122171945701
5 5 339 56 1257 626 1339 642 1351 643 1519 739 1 0.00113122171945701
1 1 340 56 1 0.00113122171945701
1 1 341 56 1 0.00113122171945701
2 1 342 56 1519 736 1 0.00113122171945701
1 1 343 56 1 0.00113122171945701
2 2 344 56 1349 643 1 0.00113122171945701
2 1 345 56 1520 533 1 0.00113122171945701
2 1 346 56 1521 533 1 0.00113122171945701
1 1 347 56 1 0.00113122171945701
2 1 348 56 1522 533 1 0.00113122171945701
2 1 349 56 1523 533 1 0.00113122171945701
1 1 350 56 1 0.00113122171945701
1 1 351 56 1 0.00113122171945701
1 1 352 56 1 0.00113122171945701
1 1 353 56 1 0.00113122171945701
1 1 354 56 1 0.00113122171945701
1 1 355 56 1 0.00113122171945701
1 1 356 56 1 0.00113122171945701
1 1 357 56 1 0.00113122171945701
1 1 358 56 1 0.00113122171945701
2 1 359 56 1524 375 1 0.00113122171945701
1 1 360 56 1 0.00113122171945701
1 1 361 56 1 0.00113122171945701
1 1 362 56 1 0.00113122171945701
2 1 363 56 1525 533 1 0.00113122171945701
2 1 364 56 1526 533 1 0.00113122171945701
2 1 365 56 1527 533 1 0.00113122171945701
2 1 366 56 1528 533 1 0.00113122171945701
1 1 367 56 1 0.00113122171945701
4 4 368 56 1267 630 1513 727 1572 835 1 0.00113122171945701
3 2 369 56 1571 835 1529 533 1 0.00113122171945701
2 1 370 56 1530 533 1 0.00113122171945701
1 1 371 56 1 0.00113122171945701
2 2 372 56 1291 633 1 0.00113122171945701
2 2 373 56 1285 633 1 0.00113122171945701
1 1 374 56 1 0.00113122171945701
1 1 375 56 1 0.00113122171945701
1 1 376 56 1 0.00113122171945701
1 1 377 56 1 0.00113122171945701
1 1 378 56 1 0.00113122171945701
1 1 379 56 1 0.00113122171945701
2 1 380 56 1531 375 1 0.00113122171945701
2 1 381 56 1532 533 1 0.00113122171945701
4 2 382 56 1558 831 1533 780 1534 375 0.5 0.00113122171945701
2 2 383 56 1533 779 1 0.00113122171945701
1 1 384 56 1 0.00113122171945701
2 1 385 56 1535 533 1 0.00113122171945701
1 1 386 56 1 0.00113122171945701
1 1 387 56 1 0.00113122171945701
2 1 388 56 1536 533 1 0.00113122171945701
2 1 389 56 1537 533 1 0.00113122171945701
2 1 390 56 1538 365 1 0.00113122171945701
1 1 391 56 1 0.00113122171945701
1 1 392 56 1 0.00113122171945701
2 2 393 56 1280 633 1 0.00113122171945701
1 1 394 56 1 0.00113122171945701
2 1 395 56 1539 533 1 0.00113122171945701
2 2 396 56 1542 800 1 0.00113122171945701
2 2 397 56 1540 795 1 0.00113122171945701
2 1 398 56 1540 794 1 0.00113122171945701
1 1 399 56 1 0.00113122171945701
1 1 400 56 1 0.00113122171945701
2 2 401 56 1545 800 1 0.00113122171945701
2 1 402 56 1541 375 1 0.00113122171945701
6 1 403 56 1542 793 1543 802 1544 807 1545 798 1546 801 0.2 0.00113122171945701
2 2 404 56 1546 800 1 0.00113122171945701
2 2 405 56 1543 800 1 0.00113122171945701
1 1 406 56 1 0.00113122171945701
2 2 407 56 1514 728 1 0.00113122171945701
1 1 408 56 1 0.00113122171945701
2 1 409 56 1547 533 1 0.00113122171945701
3 3 410 56 1281 633 1544 800 1 0.00113122171945701
4 2 411 56 1287 633 1548 726 1549 718 0.5 0.00113122171945701
1 1 412 56 1 0.00113122171945701
1 1 413 56 1 0.00113122171945701
1 1 414 56 1 0.00113122171945701
2 1 415 56 1550 533 1 0.00113122171945701
1 1 416 56 1 0.00113122171945701
1 1 417 56 1 0.00113122171945701
1 1 418 56 1 0.00113122171945701
2 1 419 56 1551 533 1 0.00113122171945701
2 1 420 56 1552 533 1 0.00113122171945701
1 1 421 56 1 0.00113122171945701
1 1 422 56 1 0.00113122171945701
2 1 423 56 1553 533 1 0.00113122171945701
1 1 424 56 1 0.00113122171945701
1 1 425 56 1 0.00113122171945701
2 1 426 56 1554 375 1 0.00113122171945701
1 1 427 56 1 0.00113122171945701
1 1 428 56 1 0.00113122171945701
1 1 429 56 1 0.00113122171945701
2 1 430 56 1555 533 1 0.00113122171945701
2 1 431 56 1556 533 1 0.00113122171945701
2 1 432 56 1557 533 1 0.00113122171945701
1 1 433 56 1 0.00113122171945701
2 0 1558 779 1559 198 0.5 0.00113122171945701
2 0 1560 735 1561 722 0.5 0.00113122171945701
4 0 1562 726 1563 720 1564 314 1565 728 0.25 0.00113122171945701
4 0 1566 432 1567 314 1568 718 1569 639 0.25 0.00113122171945701
3 0 1570 726 1571 766 1572 765 0.333333333333333 0.00113122171945701
2 0 1573 718 1574 241 0.5 0.00113122171945701
2 1 434 57 1575 57 1 0.00113122171945701
1 0 1576 57 1 0.00113122171945701
2 2 1250 625 1577 840 1 0.00113122171945701
2 0 1577 839 1578 58 0.5 0.00113122171945701
2 0 1579 58 1580 443 0.5 0.00113122171945701
2 1 1502 720 1581 726 1 0.00113122171945701
1 0 1582 847 1 0.00113122171945701
2 2 603 109 953 396 1 0.00113122171945701
1 1 435 59 1 0.00113122171945701
1 1 436 59 1 0.00113122171945701
2 2 437 59 1582 843 1 0.00113122171945701
1 0 1583 190 1 0.00113122171945701
10 10 438 59 466 62 477 66 482 67 549 87 551 88 581 105 1121 528 1315 638 1493 715 1 0.00113122171945701
5 5 439 59 530 83 583 105 885 306 1296 633 1 0.00113122171945701
3 3 441 59 504 76 909 379 1 0.00113122171945701
5 5 442 59 486 69 857 284 1338 642 1350 643 1 0.00113122171945701
1 1 443 59 1 0.00113122171945701
1 1 1503 720 1 0.00113122171945701
10 0 1584 334 1585 231 1586 171 1587 273 1588 391 1589 240 1590 59 1591 235 1592 420 1593 364 0.1 0.00113122171945701
1 0 1594 59 1 0.00113122171945701
3 3 444 60 1595 867 1596 868 1 0.00113122171945701
1 1 445 60 1 0.00113122171945701
1 1 446 60 1 0.00113122171945701
1 1 447 60 1 0.00113122171945701
1 1 448 60 1 0.00113122171945701
2 2 449 60 515 78 1 0.00113122171945701
1 1 450 60 1 0.00113122171945701
2 2 451 60 1603 876 1 0.00113122171945701
1 1 452 60 1 0.00113122171945701
2 2 453 60 1011 493 1 0.00113122171945701
2 1 454 60 1595 857 1 0.00113122171945701
2 1 455 60 1596 857 1 0.00113122171945701
4 4 456 60 906 378 1176 562 1609 881 1 0.00113122171945701
4 4 457 60 1483 709 1484 710 1610 881 1 0.00113122171945701
3 3 458 60 704 169 1446 678 1 0.00113122171945701
2 0 1597 60 1598 313 0.5 0.00113122171945701
1 0 1599 60 1 0.00113122171945701
1 0 1600 60 1 0.00113122171945701
1 0 1601 60 1 0.00113122171945701
2 0 1602 60 1603 864 0.5 0.00113122171945701
1 0 1604 60 1 0.00113122171945701
2 0 1605 362 1606 60 0.5 0.00113122171945701
1 0 1607 60 1 0.00113122171945701
1 0 1608 60 1 0.00113122171945701
3 0 1609 869 1610 870 1611 60 0.333333333333333 0.00113122171945701
2 0 1612 173 1613 60 0.5 0.00113122171945701
2 0 1614 60 1615 432 0.5 0.00113122171945701
884
0
1
2
3
4
5
6
7
8
9
10
11
12
13
14
15
16
17
18
19
20
21
22
23
24
25
26
27
28
29
30
31
32
33
34
35
36
37
38
39
40
41
42
43
44
45
46
47
48
49
50
51
52
53
54
55
56
57
58
59
60
61
62
63
64
65
66
67
68
69
70
71
72
73
74
75
76
77
78
79
80
81
82
83
84
85
86
87
88
89
90
91
92
93
94
95
96
97
98
99
100
101
102
103
104
105
106
107
108
109
110
111
112
113
114
115
116
117
118
119
120
121
122
123
124
125
126
127
128
129
130
131
132
133
134
135
136
137
138
139
140
141
142
143
144
145
146
147
148
149
150
151
152
153
154
155
156
157
158
159
160
161
162
163
164
165
166
167
168
169
170
171
172
173
174
175
176
177
178
179
180
181
182
183
184
185
186
187
188
189
190
191
192
193
194
195
196
197
198
199
200
201
202
203
204
205
206
207
208
209
210
211
212
213
214
215
216
217
218
219
220
221
222
223
224
225
226
227
228
229
230
231
232
233
234
235
236
237
238
239
240
241
242
243
244
245
246
247
248
249
250
251
252
253
254
255
256
257
258
259
260
261
262
263
264
265
266
267
268
269
270
271
272
273
274
275
276
277
278
279
280
281
282
283
284
285
286
287
288
289
290
291
292
293
294
295
296
297
298
299
300
301
302
303
304
305
306
307
308
309
310
311
312
313
314
315
316
317
318
319
320
321
322
323
324
325
326
327
328
329
330
331
332
333
334
335
336
337
338
339
340
341
342
343
344
345
346
347
348
349
350
351
352
353
354
355
356
357
358
359
360
361
362
363
364
365
366
367
368
369
370
371
372
373
374
375
376
377
378
379
380
381
382
383
384
385
386
387
388
389
390
391
392
393
394
395
396
397
398
399
400
401
402
403
404
405
406
407
408
409
410
411
412
413
414
415
416
417
418
419
420
421
422
423
424
425
426
427
428
429
430
431
432
433
434
435
436
437
438
439
440
441
442
443
444
445
446
447
448
449
450
451
452
453
454
455
456
457
458
459
460
461
462
463
464
465
466
467
468
469
470
471
472
473
474
475
476
477
478
479
480
481
482
483
484
485
486
487
488
489
490
491
492
493
494
495
496
497
498
499
500
501
502
503
504
505
506
507
508
509
510
511
512
513
514
515
516
517
518
519
520
521
522
523
524
525
526
527
528
529
530
531
532
533
534
535
536
537
538
539
540
541
542
543
544
545
546
547
548
549
550
551
552
553
554
555
556
557
558
559
560
561
562
563
564
565
566
567
568
569
570
571
572
573
574
575
576
577
578
579
580
581
582
583
584
585
586
587
588
589
590
591
592
593
594
595
596
597
598
599
600
601
602
603
604
605
606
607
608
609
610
611
612
613
614
615
616
617
618
619
620
621
622
623
624
625
626
627
628
629
630
631
632
633
634
635
636
637
638
639
640
641
642
643
644
645
646
647
648
649
650
651
652
653
654
655
656
657
658
659
660
661
662
663
664
665
666
667
668
669
670
671
672
673
674
675
676
677
678
679
680
681
682
683
684
685
686
687
688
689
690
691
692
693
694
695
696
697
698
699
700
701
702
703
704
705
706
707
708
709
710
711
712
713
714
715
716
717
718
719
720
721
722
723
724
725
726
727
728
729
730
731
732
733
734
735
736
737
738
739
740
741
742
743
744
745
746
747
748
749
750
751
752
753
754
755
756
757
758
759
760
761
762
763
764
765
766
767
768
769
770
771
772
773
774
775
776
777
778
779
780
781
782
783
784
785
786
787
788
789
790
791
792
793
794
795
796
797
798
799
800
801
802
803
804
805
806
807
808
809
810
811
812
813
814
815
816
817
818
819
820
821
822
823
824
825
826
827
828
829
830
831
832
833
834
835
836
837
838
839
840
841
842
843
844
845
846
847
848
849
850
851
852
853
854
855
856
857
858
859
860
861
862
863
864
865
866
867
868
869
870
871
872
873
874
875
876
877
878
879
880
881
882
883
